379 914
0 267
1 101
2 202
3 194
4 235
5 173
6 109
7 334
8 375
9 106
10 199
11 189
12 269
13 293
14 102
15 103
16 109
17 293
18 174
19 349
20 293
21 177
22 189
23 309
24 205
25 303
26 272
27 28
27 332
28 332
29 195
29 205
30 102
30 290
31 175
31 309
32 33
32 285
33 285
34 176
34 262
35 194
35 303
36 37
36 104
37 104
38 339
38 343
39 177
39 284
40 286
40 299
41 279
41 308
42 103
42 361
43 186
43 293
44 351
44 352
45 46
45 105
46 105
47 178
47 203
48 106
48 201
49 106
49 201
50 107
50 112
51 107
51 112
52 108
52 349
53 108
53 349
54 182
54 195
55 63
55 293
56 183
56 306
57 109
57 190
58 185
58 194
59 60
59 285
60 285
61 109
61 287
62 330
62 376
63 293
64 65
64 301
65 301
66 301
66 376
67 68
67 186
68 186
69 267
69 268
70 255
70 274
71 110
71 197
72 290
72 375
73 74
73 370
74 370
75 187
75 202
76 77
76 272
77 272
78 79
78 299
79 299
80 111
80 306
81 111
81 306
82 83
82 293
83 293
84 293
84 330
85 101
85 246
86 298
86 307
87 204
87 352
88 112
88 307
89 90
89 349
90 349
91 92
91 260
92 260
93 94
93 274
94 274
95 189
95 192
96 338
96 349
97 267
97 268
98 99
98 298
99 298
100 375
100 377
101 246
102 290
103 361
104 287
105 375
106 201
106 293
107 112
108 338
108 349
109 190
109 287
110 191
110 197
111 113
111 306
112 307
113 306
113 308
114 192
114 204
114 352
115 180
115 184
115 200
116 258
116 259
116 260
117 118
117 119
117 193
118 119
118 193
119 193
120 285
120 287
120 299
121 122
121 375
121 377
122 375
122 377
123 179
123 181
123 293
124 183
124 306
124 309
125 126
125 187
125 202
126 187
126 202
127 128
127 185
127 194
128 185
128 194
129 250
129 251
129 278
130 337
130 339
130 343
131 205
131 352
131 353
132 133
132 182
132 195
133 182
133 195
134 300
134 301
134 302
135 300
135 301
135 302
136 137
136 138
136 298
137 138
137 298
138 298
139 252
139 286
139 299
140 186
140 293
140 330
141 277
141 322
141 331
142 282
142 303
142 306
143 375
143 376
143 377
144 332
144 351
144 352
145 146
145 308
145 309
146 308
146 309
147 188
147 196
147 205
148 253
148 292
148 303
149 206
149 275
149 284
150 178
150 197
150 203
151 191
151 197
151 203
152 255
152 256
152 274
153 161
153 307
153 349
154 155
154 156
154 293
155 156
155 293
156 293
157 202
157 324
157 325
158 258
158 259
158 260
159 160
159 360
159 362
160 360
160 362
161 307
161 349
162 163
162 173
162 205
163 173
163 205
164 165
164 174
164 199
165 174
165 199
166 308
166 309
166 328
167 198
167 375
167 376
168 169
168 170
168 190
169 170
169 190
170 190
171 172
171 360
171 362
172 360
172 362
173 205
174 199
175 285
175 307
175 308
176 262
176 267
176 268
177 199
177 206
177 284
178 197
178 203
179 181
179 293
180 184
180 200
181 293
182 195
183 306
183 309
184 200
185 194
186 201
186 293
187 202
188 196
188 205
189 192
189 267
189 268
191 197
191 203
192 204
192 352
193 269
193 284
194 303
195 205
196 205
196 274
197 203
198 375
198 376
198 377
199 206
199 284
200 270
200 292
200 303
201 271
201 272
201 293
202 293
202 324
202 325
203 273
203 360
204 351
204 352
204 353
205 274
205 293
206 207
206 275
206 284
207 332
207 375
207 376
208 209
208 238
208 276
208 328
209 238
209 276
209 328
210 245
210 286
210 297
210 298
211 239
211 240
211 242
211 375
212 277
212 295
212 301
212 376
213 214
213 255
213 256
213 274
214 255
214 256
214 274
215 216
215 250
215 251
215 278
216 250
216 251
216 278
217 218
217 219
217 220
217 279
218 219
218 220
218 279
219 220
219 279
220 279
221 222
221 375
221 377
221 378
222 375
222 377
222 378
223 258
223 259
223 260
223 375
224 225
224 226
224 227
224 280
225 226
225 227
225 280
226 227
226 280
227 280
228 229
228 230
228 246
228 262
229 230
229 246
229 262
230 246
230 262
231 232
231 233
231 280
231 370
232 233
232 280
232 370
233 280
233 370
234 247
234 261
234 265
234 316
235 249
235 269
235 275
235 284
236 281
236 286
236 297
236 298
237 243
237 282
237 283
237 303
238 276
238 328
239 240
239 242
239 375
240 242
240 375
241 270
241 283
241 292
241 303
242 375
243 282
243 283
243 303
244 290
244 370
244 375
244 377
245 286
245 297
245 298
246 262
247 261
247 265
247 316
248 296
248 364
248 365
248 366
249 269
249 275
249 284
250 251
250 278
251 278
252 285
252 286
252 287
252 299
253 292
253 294
253 303
253 360
254 281
254 286
254 297
254 298
255 256
255 274
256 274
257 264
257 330
257 331
257 376
258 259
258 260
258 375
259 260
259 375
260 375
261 265
261 316
263 271
263 272
263 293
263 296
264 330
264 331
264 376
265 316
266 287
266 288
266 289
266 299
267 268
267 290
267 291
267 301
268 290
268 291
268 301
269 275
269 284
270 283
270 292
270 303
271 272
271 293
271 296
272 293
272 296
273 294
273 303
273 304
273 360
275 284
276 320
276 328
277 295
277 301
277 322
277 331
278 296
279 308
280 370
281 286
281 297
281 298
282 283
282 303
282 306
283 292
283 303
284 307
284 308
285 287
285 299
285 307
285 308
286 297
286 298
286 299
287 288
287 289
287 299
288 289
288 299
288 330
289 299
289 330
290 370
290 375
290 377
291 300
291 301
291 302
292 294
292 303
292 360
293 296
293 330
293 349
294 303
294 304
294 360
295 300
295 301
295 302
295 376
296 364
296 365
296 366
297 298
297 305
297 307
298 305
298 307
300 301
300 302
300 376
301 302
301 376
302 376
303 304
303 306
303 360
304 360
304 361
304 362
305 306
305 307
305 308
305 309
306 307
306 308
306 309
307 308
307 309
307 349
308 309
308 328
309 328
310 313
310 320
310 323
310 327
310 328
311 312
311 363
311 364
311 365
311 366
312 363
312 364
312 365
312 366
313 320
313 323
313 327
313 328
314 318
314 329
314 375
314 376
314 377
315 316
315 317
315 321
315 326
315 367
316 317
316 321
316 326
316 367
317 321
317 326
317 367
318 329
318 375
318 376
318 377
319 322
319 324
319 325
319 330
319 331
320 323
320 327
320 328
321 326
321 367
322 324
322 325
322 330
322 331
323 327
323 328
324 325
324 330
324 331
325 330
325 331
326 367
327 328
329 332
329 375
329 376
329 377
330 331
330 376
331 376
332 351
332 352
332 375
332 376
332 377
333 337
333 339
333 342
333 343
333 347
333 351
334 335
334 336
334 338
334 341
334 344
334 349
335 336
335 338
335 341
335 344
335 349
336 338
336 341
336 344
336 349
337 339
337 342
337 343
337 347
337 351
338 341
338 344
338 349
339 342
339 343
339 347
339 351
340 345
340 346
340 348
340 350
340 352
340 353
341 344
341 349
342 343
342 347
342 351
343 347
343 351
344 349
345 346
345 348
345 350
345 352
345 353
346 348
346 350
346 352
346 353
347 351
348 350
348 352
348 353
350 352
350 353
351 352
351 353
352 353
354 357
354 358
354 363
354 364
354 365
354 366
354 369
355 356
355 359
355 360
355 361
355 362
355 367
355 368
356 359
356 360
356 361
356 362
356 367
356 368
357 358
357 363
357 364
357 365
357 366
357 369
358 363
358 364
358 365
358 366
358 369
359 360
359 361
359 362
359 367
359 368
360 361
360 362
360 367
360 368
361 362
361 367
361 368
362 367
362 368
363 364
363 365
363 366
363 369
364 365
364 366
364 369
365 366
365 369
366 369
367 368
370 371
370 372
370 373
370 374
370 375
370 376
370 377
370 378
371 372
371 373
371 374
371 375
371 376
371 377
371 378
372 373
372 374
372 375
372 376
372 377
372 378
373 374
373 375
373 376
373 377
373 378
374 375
374 376
374 377
374 378
375 376
375 377
375 378
376 377
376 378
377 378
